﻿Year,President,Party, OrigTotalDebt , OrigNewDebt ,TotalDebtBillions,NewDebtBillions,InflationMultiple,TotalDebtInflationAdj,NewDebtInflationAdj,NewDebtPct,PreviousRUnscaled,PreviousDUnscaled,UnscaledCalcTotalDebt,NewDebtScaled,PreviousRScaledOrig,PreviousDScaledOrig,NewPres,PreviousRScaledFinal,PreviousDScaledFinal,,,,
1970,Nixon,R," $370,918,706,950 "," $17,198,453,109 ",371,17,"7,54",2798,130,"0,0486",1334,1334,2798,84,864,864,N,864,864,,,,
1971,Nixon,R," $398,129,744,456 "," $27,211,037,506 ",398,27,"7,23",2877,197,"0,0734",1464,1334,2995,128,948,864,N,948,864,,,,
1972,Nixon,R," $427,260,460,941 "," $29,130,716,485 ",427,29,7,2991,204,"0,0732",1661,1334,3199,132,1076,864,N,1076,864,,,,
1973,Nixon,R," $458,141,605,312 "," $30,881,144,372 ",458,31,"6,59",3020,204,"0,0723",1865,1334,3403,132,1208,864,N,1208,864,,,,
1974,Ford,R," $475,059,815,732 "," $16,918,210,419 ",475,17,"5,94",2820,100,"0,0369",2069,1334,3503,65,1340,864,Y,1340,864,,,,
1975,Ford,R," $53,318,900,000,000,000 "," $58,129,184,268 ",533,58,"5,44",2900,316,"0,1224",2169,1334,3819,205,1405,864,N,1405,864,,,,
1976,Ford,R," $62,043,300,000,000,000 "," $872,440,000,000,000 ",620,87,"5,14",3191,449,"0,1636",2485,1334,4268,291,1609,864,N,1609,864,,,,
1977,Carter,D," $6,988,400,000,000,000 "," $784,070,000,000,000 ",699,78,"4,83",3375,379,"0,1264",2485,1783,4647,245,1609,1155,Y,1900,864,,,,
1978,Carter,D," $77,154,400,000,000,000 "," $727,040,000,000,000 ",772,73,"4,49",3463,326,"0,104",2485,2162,4973,211,1609,1400,N,2145,864,,,,
1979,Carter,D," $82,651,900,000,000,000 "," $549,750,000,000,000 ",827,55,"4,03",3332,222,"0,0713",2485,2488,5195,144,1609,1611,N,2145,1075,,,,
1980,Carter,D," $90,770,100,000,000,000 "," $811,820,000,000,000 ",908,81,"3,55",3224,288,"0,0982",2485,2710,5483,186,1609,1755,N,2145,1219,,,,
1981,Reagan,R," $99,785,500,000,000,000 "," $901,540,000,000,000 ",998,90,"3,22",3213,290,"0,0993",2773,2710,5773,188,1796,1755,Y,2145,1405,,,,
1982,Reagan,R," $1,142,034,000,000,000,000 "," $14,417,900,000,000,000 ",1142,144,"3,03",3463,437,"0,1445",3063,2710,6210,283,1983,1755,N,2145,1593,,,,
1983,Reagan,R," $137,721,000,000,000,000 "," $23,517,600,000,000,000 ",1377,235,"2,94",4047,691,"0,2059",3500,2710,6901,447,2266,1755,N,2428,1593,,,,
1984,Reagan,R," $1,572,266,000,000,000,000 "," $19,505,600,000,000,000 ",1572,195,"2,82",4429,549,"0,1416",4191,2710,7450,356,2714,1755,N,2876,1593,,,,
1985,Reagan,R," $1,823,103,000,000,000,000 "," $25,083,700,000,000,000 ",1823,251,"2,72",4959,682,"0,1595",4740,2710,8132,442,3069,1755,N,3231,1593,,,,
1986,Reagan,R," $2,125,302,616,658 "," $302,199,616,658 ",2125,302,"2,67",5675,807,"0,1658",5422,2710,8939,523,3511,1755,N,3673,1593,,,,
1987,Reagan,R," $2,350,276,890,953 "," $224,974,274,295 ",2350,225,"2,58",6055,580,"0,1059",6229,2710,9519,376,4034,1755,N,4196,1593,,,,
1988,Reagan,R," $2,602,337,712,041 "," $252,060,821,088 ",2602,252,"2,47",6438,624,"0,1072",6809,2710,10143,404,4409,1755,N,4571,1593,,,,
1989,Bush I,R," $2,857,430,960,187 "," $255,093,248,146 ",2857,255,"2,36",6744,602,"0,098",7433,2710,10745,390,4813,1755,Y,4975,1593,,,,
1990,Bush I,R," $3,233,313,451,777 "," $375,882,491,590 ",3233,376,"2,24",7240,842,"0,1315",8035,2710,11587,545,5203,1755,N,5365,1593,,,,
1991,Bush I,R," $3,665,303,351,697 "," $431,989,899,920 ",3665,432,"2,15",7876,928,"0,1336",8877,2710,12515,601,5748,1755,N,5910,1593,,,,
1992,Bush I,R," $4,064,620,655,522 "," $399,317,303,825 ",4065,399,"2,09",8478,833,"0,1089",9805,2710,13348,539,6349,1755,N,6511,1593,,,,
1993,Clinton,D," $4,411,488,883,139 "," $346,868,227,618 ",4411,347,"2,03",8935,703,"0,0853",9805,3543,14051,455,6349,2294,Y,7051,1593,,,,
1994,Clinton,D," $4,692,749,910,013 "," $281,261,026,874 ",4693,281,"1,97",9267,555,"0,0638",9805,4246,14606,359,6349,2750,N,7506,1593,,,,
1995,Clinton,D," $4,973,982,900,709 "," $281,232,990,696 ",4974,281,"1,92",9552,540,"0,0599",9805,4801,15146,350,6349,3109,N,7506,1952,,,,
1996,Clinton,D," $5,224,810,939,136 "," $250,828,038,426 ",5225,251,"1,87",9746,468,"0,0504",9805,5341,15614,303,6349,3459,N,7506,2302,,,,
1997,Clinton,D," $5,413,146,011,397 "," $188,335,072,262 ",5413,188,"1,82",9870,343,"0,036",9805,5809,15957,222,6349,3762,N,7506,2605,,,,
1998,Clinton,D," $5,526,193,008,898 "," $113,046,997,500 ",5526,113,"1,8",9922,203,"0,0209",9805,6152,16160,131,6349,3984,N,7506,2827,,,,
1999,Clinton,D," $5,656,270,901,615 "," $130,077,892,718 ",5656,130,"1,76",9936,229,"0,0235",9805,6355,16389,148,6349,4115,N,7506,2959,,,,
2000,Clinton,D," $5,674,178,209,887 "," $17,907,308,271 ",5674,18,"1,7",9643,30,"0,0032",9805,6584,16419,19,6349,4264,N,7506,3107,,,,
2001,Bush II,R," $5,807,463,412,200 "," $133,285,202,313 ",5807,133,"1,65",9597,220,"0,0235",9835,6584,16639,142,6369,4264,Y,7506,3126,,,,
2002,Bush II,R," $6,228,235,965,597 "," $420,772,553,397 ",6228,421,"1,63",10132,685,"0,0725",10055,6584,17324,444,6511,4264,N,7506,3269,,,,
2003,Bush II,R," $6,783,231,062,744 "," $554,995,097,146 ",6783,555,"1,59",10789,883,"0,0891",10740,6584,18207,572,6955,4264,N,7950,3269,,,,
2004,Bush II,R," $7,379,052,696,330 "," $595,821,633,587 ",7379,596,"1,55",11432,923,"0,0878",11623,6584,19130,598,7527,4264,N,8521,3269,,,,
2005,Bush II,R," $7,932,709,661,724 "," $553,656,965,393 ",7933,554,"1,5",11887,830,"0,075",12546,6584,19960,537,8124,4264,N,9119,3269,,,,
2006,Bush II,R," $8,506,973,899,215 "," $574,264,237,492 ",8507,574,"1,45",12349,834,"0,0724",13376,6584,20794,540,8662,4264,N,9656,3269,,,,
2007,Bush II,R," $9,007,653,372,262 "," $500,679,473,047 ",9008,501,"1,41",12714,707,"0,0589",14210,6584,21501,458,9202,4264,N,10197,3269,,,,
2008,Bush II,R," $10,024,724,896,912 "," $1,017,071,524,650 ",10025,1017,"1,36",13627,1382,"0,1129",14917,6584,22883,895,9660,4264,N,10654,3269,,,,
2009,Obama,D," $11,909,829,003,512 "," $1,885,104,106,599 ",11910,1885,"1,36",16247,2572,"0,188",14917,7966,25455,1666,9660,5159,Y,11549,3269,,,,
2010,Obama,D," $13,561,623,030,892 "," $1,651,794,027,380 ",13562,1652,"1,34",18201,2217,"0,1387",14917,10538,27672,1436,9660,6824,N,13215,3269,,,,
2011,Obama,D," $14,790,340,328,557 "," $1,228,717,297,665 ",14790,1229,"1,3",19243,1599,"0,0906",14917,12755,29271,1035,9660,8260,N,13215,4705,,,,
2012,Obama,D," $16,066,241,407,386 "," $1,275,901,078,829 ",16066,1276,"1,27",20479,1626,"0,0863",14917,14354,30897,1053,9660,9295,N,13215,5740,,,,
2013,Obama,D," $16,738,183,526,697 "," $671,942,119,312 ",16738,672,"1,26",21028,844,"0,0418",14917,15980,31741,547,9660,10348,N,13215,6793,,,,
2014,Obama,D," $17,824,071,380,734 "," $1,085,887,854,037 ",17824,1086,"1,24",22035,1342,"0,0649",14917,16824,33083,869,9660,10895,N,13215,7340,,,,
2015,Obama,D," $18,150,617,666,484 "," $326,546,285,751 ",18151,327,"1,23",22411,403,"0,0183",14917,18166,33486,261,9660,11764,N,13215,8209,,,,
2016,Obama,D," $19,573,444,713,937 "," $1,422,827,047,452 ",19573,1423,"1,22",23867,1735,"0,0784",14917,18569,35221,1124,9660,12025,N,13215,8470,,,,
2017,Trump,R," $20,244,900,016,054 "," $671,455,302,117 ",20245,671,"1,19",24171,802,"0,0343",16652,18569,36023,519,10783,12025,Y,13215,9593,,,,
2018,Trump,R," $21,516,058,183,180 "," $1,271,158,167,127 ",21516,1271,"1,16",25064,1481,"0,0628",17454,18569,37504,959,11303,12025,N,13215,10112,,,,
2019,Trump,R," $22,719,401,753,434 "," $1,203,343,570,254 ",22719,1203,"1,14",26007,1377,"0,0559",18935,18569,38881,892,12262,12025,N,14174,10112,,,,
2020,Trump,R," $26,945,391,194,615 "," $4,225,989,441,181 ",26945,4226,"1,13",30469,4779,"0,186",20312,18569,43660,3095,13153,12025,N,15066,10112,,,,
2021,Biden,D," $28,428,918,570,049 "," $1,483,527,375,434 ",28429,1484,"1,08",30704,1602,"0,0551",20312,23348,45262,1037,13153,15119,Y,18160,10112,,,,
2022,Biden,D," $30,928,911,613,307 "," $2,499,993,043,258 ",30929,2500,1,30929,2500,"0,0879",20312,24950,47762,1619,13153,16157,N,19198,10112,,,,